   0    8   15      0.00000000
   1    8   30      0.85765045
   2    8   54      0.46779113
   3    8   68      0.16742226
   4    8   89      0.11723354
   5    8  101      0.04744920
   6    8  113      0.03596248
   7    8  123      0.04173587
   8    8  137      0.04060174
   9    8  159      0.08001906
  10    8  173      0.20696730
  11    8  193      0.45269744
  12    8  207      0.91909736
  13    8  223      0.93144647
  14    8  243      0.96170107
  15   15   30      0.00000000
  16   15   54      0.89147918
  17   15   68      0.40533766
  18   15   89      0.23633496
  19   15  101      0.09048182
  20   15  113      0.05818264
  21   15  123      0.06271050
  22   15  137      0.06870853
  23   15  159      0.14003231
  24   15  173      0.39912805
  25   15  193      0.64337915
  26   15  207      0.95266195
  27   15  223      0.94416719
  28   15  243      0.88773666
  29   30   54      0.00000000
  30   30   68      0.76686318
  31   30   89      0.43508827
  32   30  101      0.16336821
  33   30  113      0.09418139
  34   30  123      0.11616036
  35   30  137      0.14790207
  36   30  159      0.36076973
  37   30  173      0.85016810
  38   30  193      0.93237215
  39   30  207      0.98794290
  40   30  223      0.85990824
  41   30  243      0.53967886
  42   54   68      0.00000000
  43   54   89      0.83834022
  44   54  101      0.43324848
  45   54  113      0.21217844
  46   54  123      0.22028352
  47   54  137      0.30871353
  48   54  159      0.59309077
  49   54  173      0.95018833
  50   54  193      0.93072644
  51   54  207      0.88967089
  52   54  223      0.75166146
  53   54  243      0.37737935
  54   68   89      0.00000000
  55   68  101      0.88774992
  56   68  113      0.52331079
  57   68  123      0.52716971
  58   68  137      0.76709881
  59   68  159      0.92978921
  60   68  173      0.98913997
  61   68  193      0.88551522
  62   68  207      0.57709749
  63   68  223      0.40958942
  64   68  243      0.16018309
  65   89  101      0.00000000
  66   89  113      0.93512007
  67   89  123      0.90402784
  68   89  137      0.91512662
  69   89  159      0.93178108
  70   89  173      0.91884447
  71   89  193      0.84881062
  72   89  207      0.46193919
  73   89  223      0.41414362
  74   89  243      0.15766276
  75  101  113      0.00000000
  76  101  123      0.92626230
  77  101  137      0.97280145
  78  101  159      0.82577663
  79  101  173      0.59895866
  80  101  193      0.37707197
  81  101  207      0.15426919
  82  101  223      0.13927770
  83  101  243      0.06197878
  84  113  123      0.00000000
  85  113  137      0.93453249
  86  113  159      0.64801095
  87  113  173      0.35976344
  88  113  193      0.28173071
  89  113  207      0.11499683
  90  113  223      0.11490677
  91  113  243      0.05308249
  92  123  137      0.00000000
  93  123  159      0.91406430
  94  123  173      0.56083811
  95  123  193      0.45053983
  96  123  207      0.16074687
  97  123  223      0.12870842
  98  123  243      0.05413208
  99  137  159      0.00000000
 100  137  173      0.76875951
 101  137  193      0.44613570
 102  137  207      0.15287595
 103  137  223      0.10327750
 104  137  243      0.04393876
 105  159  173      0.00000000
 106  159  193      0.85008112
 107  159  207      0.36796627
 108  159  223      0.19571079
 109  159  243      0.07328888
 110  173  193      0.00000000
 111  173  207      0.79463071
 112  173  223      0.44249100
 113  173  243      0.15731582
 114  193  207      0.00000000
 115  193  223      0.87134604
 116  193  243      0.39499622
 117  207  223      0.00000000
 118  207  243      0.79940783
 119  223  243      0.00000000
END
   0    8   15      0.00000000
   1    8   30      0.83760527
   2    8   54      0.43944774
   3    8   68      0.17628357
   4    8   89      0.13949961
   5    8  101      0.05639129
   6    8  113      0.04797281
   7    8  123      0.05665638
   8    8  137      0.04816299
   9    8  159      0.09041960
  10    8  173      0.21651138
  11    8  193      0.52308994
  12    8  207      0.58598211
  13    8  223      0.95899991
  14    8  243      0.90904829
  15   15   30      0.00000000
  16   15   54      0.85251476
  17   15   68      0.38424532
  18   15   89      0.24479190
  19   15  101      0.09348340
  20   15  113      0.06554409
  21   15  123      0.07431171
  22   15  137      0.07345280
  23   15  159      0.13871196
  24   15  173      0.37044829
  25   15  193      0.67343829
  26   15  207      0.53325068
  27   15  223      0.90156828
  28   15  243      0.78754113
  29   30   54      0.00000000
  30   30   68      0.77228374
  31   30   89      0.45578213
  32   30  101      0.16307725
  33   30  113      0.09990979
  34   30  123      0.13093660
  35   30  137      0.15405000
  36   30  159      0.33882960
  37   30  173      0.81028274
  38   30  193      0.92443363
  39   30  207      0.74528774
  40   30  223      0.92313980
  41   30  243      0.78352909
  42   54   68      0.00000000
  43   54   89      0.84389084
  44   54  101      0.42684622
  45   54  113      0.21094149
  46   54  123      0.24225486
  47   54  137      0.33076703
  48   54  159      0.55661879
  49   54  173      0.91773519
  50   54  193      0.91908159
  51   54  207      0.51377199
  52   54  223      0.56962871
  53   54  243      0.31530680
  54   68   89      0.00000000
  55   68  101      0.85310597
  56   68  113      0.48539345
  57   68  123      0.56973528
  58   68  137      0.80413409
  59   68  159      0.91844850
  60   68  173      0.98316606
  61   68  193      0.90006356
  62   68  207      0.42398872
  63   68  223      0.31684147
  64   68  243      0.15065155
  65   89  101      0.00000000
  66   89  113      0.92855163
  67   89  123      0.93200148
  68   89  137      0.94692293
  69   89  159      0.94146169
  70   89  173      0.91502783
  71   89  193      0.88083205
  72   89  207      0.41034109
  73   89  223      0.25066710
  74   89  243      0.10145591
  75  101  113      0.00000000
  76  101  123      0.93062991
  77  101  137      0.96630412
  78  101  159      0.75577327
  79  101  173      0.52091556
  80  101  193      0.39787339
  81  101  207      0.14454363
  82  101  223      0.08828514
  83  101  243      0.04157014
  84  113  123      0.00000000
  85  113  137      0.91547593
  86  113  159      0.62997375
  87  113  173      0.34370834
  88  113  193      0.32860591
  89  113  207      0.14509357
  90  113  223      0.07856827
  91  113  243      0.03539226
  92  123  137      0.00000000
  93  123  159      0.94226315
  94  123  173      0.61780096
  95  123  193      0.53575173
  96  123  207      0.27962408
  97  123  223      0.12122848
  98  123  243      0.05261410
  99  137  159      0.00000000
 100  137  173      0.78160795
 101  137  193      0.48634373
 102  137  207      0.21607897
 103  137  223      0.10263530
 104  137  243      0.05002120
 105  159  173      0.00000000
 106  159  193      0.86817886
 107  159  207      0.55255617
 108  159  223      0.25072613
 109  159  243      0.11592615
 110  173  193      0.00000000
 111  173  207      0.84822406
 112  173  223      0.58983272
 113  173  243      0.29887759
 114  193  207      0.00000000
 115  193  223      0.93098346
 116  193  243      0.54015932
 117  207  223      0.00000000
 118  207  243      0.82131408
 119  223  243      0.00000000
END
   0    8   15      0.00000000
   1    8   30      0.80619785
   2    8   54      0.42183611
   3    8   68      0.15455886
   4    8   89      0.07600326
   5    8  101      0.03393181
   6    8  113      0.02524955
   7    8  123      0.03274462
   8    8  137      0.03671661
   9    8  159      0.07302778
  10    8  173      0.17031086
  11    8  193      0.43629863
  12    8  207      0.41384604
  13    8  223      0.81752738
  14    8  243      0.60136841
  15   15   30      0.00000000
  16   15   54      0.85187127
  17   15   68      0.36598894
  18   15   89      0.15576767
  19   15  101      0.06389230
  20   15  113      0.04170548
  21   15  123      0.04987573
  22   15  137      0.06129684
  23   15  159      0.11962046
  24   15  173      0.30049088
  25   15  193      0.58895804
  26   15  207      0.40219608
  27   15  223      0.78231885
  28   15  243      0.56006512
  29   30   54      0.00000000
  30   30   68      0.76027519
  31   30   89      0.31635433
  32   30  101      0.12898806
  33   30  113      0.07061696
  34   30  123      0.08849808
  35   30  137      0.13167398
  36   30  159      0.28232764
  37   30  173      0.70279220
  38   30  193      0.89031110
  39   30  207      0.64106305
  40   30  223      0.89734198
  41   30  243      0.70384873
  42   54   68      0.00000000
  43   54   89      0.78337357
  44   54  101      0.36288804
  45   54  113      0.18322258
  46   54  123      0.20855217
  47   54  137      0.31192558
  48   54  159      0.54492000
  49   54  173      0.87975641
  50   54  193      0.88735968
  51   54  207      0.45213686
  52   54  223      0.54854683
  53   54  243      0.29169990
  54   68   89      0.00000000
  55   68  101      0.83855465
  56   68  113      0.48595872
  57   68  123      0.53320916
  58   68  137      0.77832648
  59   68  159      0.90692116
  60   68  173      0.97003290
  61   68  193      0.81875541
  62   68  207      0.34127880
  63   68  223      0.29172212
  64   68  243      0.14680918
  65   89  101      0.00000000
  66   89  113      0.93292632
  67   89  123      0.90548258
  68   89  137      0.94506350
  69   89  159      0.90837057
  70   89  173      0.79274105
  71   89  193      0.48428945
  72   89  207      0.16491252
  73   89  223      0.12066125
  74   89  243      0.06055632
  75  101  113      0.00000000
  76  101  123      0.92194457
  77  101  137      0.98187766
  78  101  159      0.78168624
  79  101  173      0.48331611
  80  101  193      0.20222186
  81  101  207      0.07905526
  82  101  223      0.05646320
  83  101  243      0.03329097
  84  113  123      0.00000000
  85  113  137      0.93382612
  86  113  159      0.59693283
  87  113  173      0.26967416
  88  113  193      0.13058616
  89  113  207      0.05563434
  90  113  223      0.03758642
  91  113  243      0.02138834
  92  123  137      0.00000000
  93  123  159      0.91471357
  94  123  173      0.49200670
  95  123  193      0.24790868
  96  123  207      0.10765406
  97  123  223      0.05990777
  98  123  243      0.03103781
  99  137  159      0.00000000
 100  137  173      0.77364905
 101  137  193      0.34631957
 102  137  207      0.14882368
 103  137  223      0.08283792
 104  137  243      0.04563307
 105  159  173      0.00000000
 106  159  193      0.81052538
 107  159  207      0.44334321
 108  159  223      0.21891549
 109  159  243      0.10403113
 110  173  193      0.00000000
 111  173  207      0.83273608
 112  173  223      0.58976008
 113  173  243      0.29161478
 114  193  207      0.00000000
 115  193  223      0.94312279
 116  193  243      0.56587780
 117  207  223      0.00000000
 118  207  243      0.82542881
 119  223  243      0.00000000
END
   0    8   15      0.00000000
   1    8   30      0.81230737
   2    8   54      0.34494091
   3    8   68      0.13359568
   4    8   89      0.05866713
   5    8  101      0.03052719
   6    8  113      0.01982808
   7    8  123      0.02215117
   8    8  137      0.02927011
   9    8  159      0.05346243
  10    8  173      0.12930577
  11    8  193      0.27987043
  12    8  207      0.53401713
  13    8  223      0.32271901
  14    8  243      0.65341873
  15   15   30      0.00000000
  16   15   54      0.79648469
  17   15   68      0.33523281
  18   15   89      0.13525340
  19   15  101      0.06397045
  20   15  113      0.03774364
  21   15  123      0.03977600
  22   15  137      0.05342885
  23   15  159      0.09884672
  24   15  173      0.24414713
  25   15  193      0.48488360
  26   15  207      0.64483761
  27   15  223      0.33624026
  28   15  243      0.55111439
  29   30   54      0.00000000
  30   30   68      0.78158099
  31   30   89      0.33326140
  32   30  101      0.14874758
  33   30  113      0.07569182
  34   30  123      0.08096480
  35   30  137      0.12668240
  36   30  159      0.24546632
  37   30  173      0.59398584
  38   30  193      0.79190486
  39   30  207      0.84930903
  40   30  223      0.55873887
  41   30  243      0.67803828
  42   54   68      0.00000000
  43   54   89      0.80401467
  44   54  101      0.42965329
  45   54  113      0.20314864
  46   54  123      0.19668392
  47   54  137      0.30026721
  48   54  159      0.50193217
  49   54  173      0.80464943
  50   54  193      0.84712438
  51   54  207      0.65822858
  52   54  223      0.35033566
  53   54  243      0.31458567
  54   68   89      0.00000000
  55   68  101      0.84786299
  56   68  113      0.51516415
  57   68  123      0.53236157
  58   68  137      0.77556178
  59   68  159      0.91574956
  60   68  173      0.96751769
  61   68  193      0.85812736
  62   68  207      0.53114364
  63   68  223      0.31650258
  64   68  243      0.20419676
  65   89  101      0.00000000
  66   89  113      0.94140823
  67   89  123      0.91392190
  68   89  137      0.94562112
  69   89  159      0.94467274
  70   89  173      0.83084398
  71   89  193      0.57389293
  72   89  207      0.23096542
  73   89  223      0.13205860
  74   89  243      0.07965123
  75  101  113      0.00000000
  76  101  123      0.89195861
  77  101  137      0.94532121
  78  101  159      0.72624565
  79  101  173      0.43489933
  80  101  193      0.20946780
  81  101  207      0.09299392
  82  101  223      0.06485064
  83  101  243      0.04251303
  84  113  123      0.00000000
  85  113  137      0.93323634
  86  113  159      0.66727943
  87  113  173      0.29739649
  88  113  193      0.15192961
  89  113  207      0.06314242
  90  113  223      0.04322400
  91  113  243      0.02675187
  92  123  137      0.00000000
  93  123  159      0.93390945
  94  123  173      0.51034701
  95  123  193      0.25237384
  96  123  207      0.09688820
  97  123  223      0.06707258
  98  123  243      0.03560617
  99  137  159      0.00000000
 100  137  173      0.77852301
 101  137  193      0.34360335
 102  137  207      0.14966859
 103  137  223      0.12026996
 104  137  243      0.06017429
 105  159  173      0.00000000
 106  159  193      0.79896516
 107  159  207      0.40379958
 108  159  223      0.29497569
 109  159  243      0.12549815
 110  173  193      0.00000000
 111  173  207      0.87971643
 112  173  223      0.72775004
 113  173  243      0.35958502
 114  193  207      0.00000000
 115  193  223      0.81604996
 116  193  243      0.50642801
 117  207  223      0.00000000
 118  207  243      0.93321210
 119  223  243      0.00000000
END
   0    8   15      0.00000000
   1    8   30      0.91409335
   2    8   54      0.54574239
   3    8   68      0.19155903
   4    8   89      0.08972560
   5    8  101      0.04629089
   6    8  113      0.02689376
   7    8  123      0.02961020
   8    8  137      0.03829819
   9    8  159      0.06809077
  10    8  173      0.17662807
  11    8  193      0.22245639
  12    8  207      0.34757899
  13    8  223      0.18917497
  14    8  243      0.26904409
  15   15   30      0.00000000
  16   15   54      0.87600513
  17   15   68      0.40423879
  18   15   89      0.20499903
  19   15  101      0.08660205
  20   15  113      0.05083491
  21   15  123      0.05847516
  22   15  137      0.07092683
  23   15  159      0.14312256
  24   15  173      0.40338323
  25   15  193      0.56490152
  26   15  207      0.65735952
  27   15  223      0.30477930
  28   15  243      0.30589434
  29   30   54      0.00000000
  30   30   68      0.78053518
  31   30   89      0.37646483
  32   30  101      0.16474795
  33   30  113      0.08230464
  34   30  123      0.10280524
  35   30  137      0.15229286
  36   30  159      0.32760054
  37   30  173      0.79029994
  38   30  193      0.77900461
  39   30  207      0.87142891
  40   30  223      0.60841795
  41   30  243      0.61105236
  42   54   68      0.00000000
  43   54   89      0.84038912
  44   54  101      0.47119361
  45   54  113      0.21473987
  46   54  123      0.23492088
  47   54  137      0.34449208
  48   54  159      0.58514152
  49   54  173      0.91482895
  50   54  193      0.79802062
  51   54  207      0.64822686
  52   54  223      0.37765213
  53   54  243      0.29561668
  54   68   89      0.00000000
  55   68  101      0.90474762
  56   68  113      0.54014594
  57   68  123      0.58427500
  58   68  137      0.81282807
  59   68  159      0.92033600
  60   68  173      0.97202021
  61   68  193      0.73779245
  62   68  207      0.46489477
  63   68  223      0.31704297
  64   68  243      0.20676486
  65   89  101      0.00000000
  66   89  113      0.93540663
  67   89  123      0.91808739
  68   89  137      0.92700447
  69   89  159      0.93295162
  70   89  173      0.87058834
  71   89  193      0.61140378
  72   89  207      0.26135330
  73   89  223      0.16143563
  74   89  243      0.09103389
  75  101  113      0.00000000
  76  101  123      0.92235934
  77  101  137      0.96718615
  78  101  159      0.78252721
  79  101  173      0.51187286
  80  101  193      0.23554275
  81  101  207      0.10801681
  82  101  223      0.08270785
  83  101  243      0.05273819
  84  113  123      0.00000000
  85  113  137      0.92483966
  86  113  159      0.65118657
  87  113  173      0.31806763
  88  113  193      0.17686976
  89  113  207      0.07327757
  90  113  223      0.05479026
  91  113  243      0.03220461
  92  123  137      0.00000000
  93  123  159      0.94692783
  94  123  173      0.57285446
  95  123  193      0.33674369
  96  123  207      0.13240254
  97  123  223      0.10458692
  98  123  243      0.05192145
  99  137  159      0.00000000
 100  137  173      0.75807429
 101  137  193      0.35341786
 102  137  207      0.17131133
 103  137  223      0.16249397
 104  137  243      0.08622351
 105  159  173      0.00000000
 106  159  193      0.82442783
 107  159  207      0.49748892
 108  159  223      0.44798898
 109  159  243      0.20073075
 110  173  193      0.00000000
 111  173  207      0.92332358
 112  173  223      0.82093934
 113  173  243      0.47454853
 114  193  207      0.00000000
 115  193  223      0.82712554
 116  193  243      0.42833837
 117  207  223      0.00000000
 118  207  243      0.87576698
 119  223  243      0.00000000
END
   0    8   15      0.00000000
   1    8   30      0.93201494
   2    8   54      0.78061123
   3    8   68      0.30167148
   4    8   89      0.18097253
   5    8  101      0.09213984
   6    8  113      0.04612712
   7    8  123      0.04347057
   8    8  137      0.05720749
   9    8  159      0.08421008
  10    8  173      0.18105095
  11    8  193      0.33869562
  12    8  207      0.24812013
  13    8  223      0.09006265
  14    8  243      0.09679935
  15   15   30      0.00000000
  16   15   54      0.87102125
  17   15   68      0.41458651
  18   15   89      0.25350013
  19   15  101      0.10371154
  20   15  113      0.05697170
  21   15  123      0.06372503
  22   15  137      0.08348802
  23   15  159      0.15183694
  24   15  173      0.37201846
  25   15  193      0.74786167
  26   15  207      0.62687754
  27   15  223      0.21834280
  28   15  243      0.20966599
  29   30   54      0.00000000
  30   30   68      0.78658564
  31   30   89      0.42564851
  32   30  101      0.16747215
  33   30  113      0.08093816
  34   30  123      0.09384366
  35   30  137      0.15501732
  36   30  159      0.29524469
  37   30  173      0.71307839
  38   30  193      0.89756432
  39   30  207      0.84497528
  40   30  223      0.39013061
  41   30  243      0.39227965
  42   54   68      0.00000000
  43   54   89      0.85178477
  44   54  101      0.46749615
  45   54  113      0.19568477
  46   54  123      0.20159081
  47   54  137      0.35769426
  48   54  159      0.53004634
  49   54  173      0.86012688
  50   54  193      0.88438993
  51   54  207      0.63414409
  52   54  223      0.27337714
  53   54  243      0.21962415
  54   68   89      0.00000000
  55   68  101      0.84127288
  56   68  113      0.46314951
  57   68  123      0.50245373
  58   68  137      0.83891534
  59   68  159      0.91228360
  60   68  173      0.97236359
  61   68  193      0.84762881
  62   68  207      0.52183859
  63   68  223      0.28541941
  64   68  243      0.18349287
  65   89  101      0.00000000
  66   89  113      0.90044933
  67   89  123      0.89536566
  68   89  137      0.96052603
  69   89  159      0.93865641
  70   89  173      0.86710603
  71   89  193      0.70651897
  72   89  207      0.29168541
  73   89  223      0.15936730
  74   89  243      0.08726865
  75  101  113      0.00000000
  76  101  123      0.88615530
  77  101  137      0.92429082
  78  101  159      0.64638831
  79  101  173      0.41307165
  80  101  193      0.25245286
  81  101  207      0.10154697
  82  101  223      0.06397958
  83  101  243      0.03941197
  84  113  123      0.00000000
  85  113  137      0.92605450
  86  113  159      0.58635056
  87  113  173      0.26911417
  88  113  193      0.16750315
  89  113  207      0.06893170
  90  113  223      0.04919150
  91  113  243      0.02784000
  92  123  137      0.00000000
  93  123  159      0.90503614
  94  123  173      0.47750912
  95  123  193      0.28509676
  96  123  207      0.11719891
  97  123  223      0.09194994
  98  123  243      0.04405246
  99  137  159      0.00000000
 100  137  173      0.79190437
 101  137  193      0.40421060
 102  137  207      0.19059816
 103  137  223      0.15772513
 104  137  243      0.07755893
 105  159  173      0.00000000
 106  159  193      0.82656144
 107  159  207      0.52043889
 108  159  223      0.44815493
 109  159  243      0.19004367
 110  173  193      0.00000000
 111  173  207      0.93348057
 112  173  223      0.81369226
 113  173  243      0.48046621
 114  193  207      0.00000000
 115  193  223      0.81138915
 116  193  243      0.49369757
 117  207  223      0.00000000
 118  207  243      0.93638250
 119  223  243      0.00000000
END
   0    8   15      0.00000000
   1    8   30      0.94003598
   2    8   54      0.61234936
   3    8   68      0.20759942
   4    8   89      0.09464939
   5    8  101      0.04713622
   6    8  113      0.02883297
   7    8  123      0.03083888
   8    8  137      0.04005900
   9    8  159      0.07263076
  10    8  173      0.19234306
  11    8  193      0.28796528
  12    8  207      0.17854882
  13    8  223      0.06624363
  14    8  243      0.03659345
  15   15   30      0.00000000
  16   15   54      0.87756169
  17   15   68      0.39729355
  18   15   89      0.20656259
  19   15  101      0.08720417
  20   15  113      0.05431393
  21   15  123      0.05603427
  22   15  137      0.06645377
  23   15  159      0.12343212
  24   15  173      0.32707084
  25   15  193      0.58144875
  26   15  207      0.31040366
  27   15  223      0.10833794
  28   15  243      0.05047420
  29   30   54      0.00000000
  30   30   68      0.76141168
  31   30   89      0.39126754
  32   30  101      0.15573014
  33   30  113      0.08656629
  34   30  123      0.10304176
  35   30  137      0.14242539
  36   30  159      0.31439569
  37   30  173      0.77680364
  38   30  193      0.91303201
  39   30  207      0.64586521
  40   30  223      0.22556923
  41   30  243      0.10211477
  42   54   68      0.00000000
  43   54   89      0.79054579
  44   54  101      0.42617088
  45   54  113      0.19843294
  46   54  123      0.20609437
  47   54  137      0.31686004
  48   54  159      0.54114304
  49   54  173      0.90792628
  50   54  193      0.91678926
  51   54  207      0.49023113
  52   54  223      0.18410732
  53   54  243      0.08461585
  54   68   89      0.00000000
  55   68  101      0.88906055
  56   68  113      0.52898339
  57   68  123      0.56662099
  58   68  137      0.80963567
  59   68  159      0.92566567
  60   68  173      0.98457016
  61   68  193      0.92037278
  62   68  207      0.49890300
  63   68  223      0.24090352
  64   68  243      0.11495043
  65   89  101      0.00000000
  66   89  113      0.94040507
  67   89  123      0.93329464
  68   89  137      0.94246732
  69   89  159      0.94295591
  70   89  173      0.89718845
  71   89  193      0.84604370
  72   89  207      0.42119814
  73   89  223      0.26550745
  74   89  243      0.11964954
  75  101  113      0.00000000
  76  101  123      0.94053299
  77  101  137      0.97572868
  78  101  159      0.79637631
  79  101  173      0.55042833
  80  101  193      0.36688967
  81  101  207      0.15485732
  82  101  223      0.11264326
  83  101  243      0.06325937
  84  113  123      0.00000000
  85  113  137      0.91639049
  86  113  159      0.61976756
  87  113  173      0.32178834
  88  113  193      0.26080361
  89  113  207      0.12810457
  90  113  223      0.11638288
  91  113  243      0.06505868
  92  123  137      0.00000000
  93  123  159      0.92095719
  94  123  173      0.54040433
  95  123  193      0.40841437
  96  123  207      0.25252934
  97  123  223      0.27404746
  98  123  243      0.15829312
  99  137  159      0.00000000
 100  137  173      0.78097750
 101  137  193      0.44764207
 102  137  207      0.26414216
 103  137  223      0.23625164
 104  137  243      0.15332696
 105  159  173      0.00000000
 106  159  193      0.86019825
 107  159  207      0.69755631
 108  159  223      0.59496384
 109  159  243      0.37638963
 110  173  193      0.00000000
 111  173  207      0.92191323
 112  173  223      0.65039477
 113  173  243      0.35811640
 114  193  207      0.00000000
 115  193  223      0.79483697
 116  193  243      0.36173378
 117  207  223      0.00000000
 118  207  243      0.80009454
 119  223  243      0.00000000
END
   0    8   15      0.00000000
   1    8   30      0.93701127
   2    8   54      0.91325521
   3    8   68      0.59016534
   4    8   89      0.25837844
   5    8  101      0.15910534
   6    8  113      0.06877937
   7    8  123      0.05872252
   8    8  137      0.08645620
   9    8  159      0.12302064
  10    8  173      0.25609228
  11    8  193      0.18500364
  12    8  207      0.09325410
  13    8  223      0.04099442
  14    8  243      0.02209552
  15   15   30      0.00000000
  16   15   54      0.83676667
  17   15   68      0.45124936
  18   15   89      0.16239045
  19   15  101      0.09656860
  20   15  113      0.04453270
  21   15  123      0.04529832
  22   15  137      0.06933710
  23   15  159      0.11783381
  24   15  173      0.28633265
  25   15  193      0.20094712
  26   15  207      0.12735013
  27   15  223      0.05407278
  28   15  243      0.02752264
  29   30   54      0.00000000
  30   30   68      0.84395864
  31   30   89      0.38375219
  32   30  101      0.19212086
  33   30  113      0.08562156
  34   30  123      0.09920210
  35   30  137      0.15300559
  36   30  159      0.31560525
  37   30  173      0.74437278
  38   30  193      0.59044322
  39   30  207      0.37367274
  40   30  223      0.13448000
  41   30  243      0.06056609
  42   54   68      0.00000000
  43   54   89      0.82946993
  44   54  101      0.46239662
  45   54  113      0.20885029
  46   54  123      0.21949599
  47   54  137      0.30151009
  48   54  159      0.52639967
  49   54  173      0.88661222
  50   54  193      0.81209200
  51   54  207      0.41799527
  52   54  223      0.15056593
  53   54  243      0.06986739
  54   68   89      0.00000000
  55   68  101      0.90404219
  56   68  113      0.52558427
  57   68  123      0.55276575
  58   68  137      0.77203215
  59   68  159      0.91393199
  60   68  173      0.98004959
  61   68  193      0.85296103
  62   68  207      0.44642261
  63   68  223      0.15816911
  64   68  243      0.08701755
  65   89  101      0.00000000
  66   89  113      0.93430977
  67   89  123      0.91641689
  68   89  137      0.92049465
  69   89  159      0.92350283
  70   89  173      0.88553404
  71   89  193      0.80128398
  72   89  207      0.35023048
  73   89  223      0.14837700
  74   89  243      0.09314913
  75  101  113      0.00000000
  76  101  123      0.93250810
  77  101  137      0.98261350
  78  101  159      0.84421061
  79  101  173      0.59836685
  80  101  193      0.37322735
  81  101  207      0.15566187
  82  101  223      0.07202527
  83  101  243      0.05453602
  84  113  123      0.00000000
  85  113  137      0.94740503
  86  113  159      0.66219286
  87  113  173      0.34346501
  88  113  193      0.27044914
  89  113  207      0.11933873
  90  113  223      0.06740709
  91  113  243      0.05793679
  92  123  137      0.00000000
  93  123  159      0.93339365
  94  123  173      0.58436405
  95  123  193      0.50196820
  96  123  207      0.26654036
  97  123  223      0.15394054
  98  123  243      0.14373421
  99  137  159      0.00000000
 100  137  173      0.77061712
 101  137  193      0.47434302
 102  137  207      0.26793670
 103  137  223      0.12678860
 104  137  243      0.11175904
 105  159  173      0.00000000
 106  159  193      0.89126163
 107  159  207      0.71059270
 108  159  223      0.33536278
 109  159  243      0.25436805
 110  173  193      0.00000000
 111  173  207      0.93322188
 112  173  223      0.49247517
 113  173  243      0.27031411
 114  193  207      0.00000000
 115  193  223      0.80662045
 116  193  243      0.43969538
 117  207  223      0.00000000
 118  207  243      0.82627255
 119  223  243      0.00000000
END
   0    8   15      0.00000000
   1    8   30      0.92344014
   2    8   54      0.90165749
   3    8   68      0.49014872
   4    8   89      0.29995467
   5    8  101      0.27924612
   6    8  113      0.11380769
   7    8  123      0.07117851
   8    8  137      0.11740143
   9    8  159      0.10727454
  10    8  173      0.16253902
  11    8  193      0.11334561
  12    8  207      0.05406825
  13    8  223      0.02507901
  14    8  243      0.01717167
  15   15   30      0.00000000
  16   15   54      0.91651201
  17   15   68      0.53628453
  18   15   89      0.35482342
  19   15  101      0.23257603
  20   15  113      0.10598083
  21   15  123      0.07160509
  22   15  137      0.10448930
  23   15  159      0.11950151
  24   15  173      0.22041489
  25   15  193      0.19958292
  26   15  207      0.08373024
  27   15  223      0.03689475
  28   15  243      0.02267610
  29   30   54      0.00000000
  30   30   68      0.76831745
  31   30   89      0.40942193
  32   30  101      0.23890182
  33   30  113      0.09888530
  34   30  123      0.08277399
  35   30  137      0.14236680
  36   30  159      0.19905502
  37   30  173      0.44811349
  38   30  193      0.37469265
  39   30  207      0.17302720
  40   30  223      0.06579053
  41   30  243      0.03696923
  42   54   68      0.00000000
  43   54   89      0.78794638
  44   54  101      0.60537459
  45   54  113      0.23025324
  46   54  123      0.19568482
  47   54  137      0.39520314
  48   54  159      0.48058573
  49   54  173      0.76342988
  50   54  193      0.50875840
  51   54  207      0.23978025
  52   54  223      0.08579164
  53   54  243      0.05326374
  54   68   89      0.00000000
  55   68  101      0.92565271
  56   68  113      0.54708181
  57   68  123      0.56517424
  58   68  137      0.86336651
  59   68  159      0.93861239
  60   68  173      0.98309069
  61   68  193      0.81032443
  62   68  207      0.45782996
  63   68  223      0.16581437
  64   68  243      0.11195893
  65   89  101      0.00000000
  66   89  113      0.93012564
  67   89  123      0.90310098
  68   89  137      0.93757870
  69   89  159      0.94657683
  70   89  173      0.90643612
  71   89  193      0.74859679
  72   89  207      0.35182336
  73   89  223      0.15029913
  74   89  243      0.11519635
  75  101  113      0.00000000
  76  101  123      0.94371891
  77  101  137      0.98273515
  78  101  159      0.83234543
  79  101  173      0.58493759
  80  101  193      0.31012584
  81  101  207      0.14680581
  82  101  223      0.07051208
  83  101  243      0.06385634
  84  113  123      0.00000000
  85  113  137      0.92578559
  86  113  159      0.65078277
  87  113  173      0.32787096
  88  113  193      0.20585147
  89  113  207      0.10337095
  90  113  223      0.06020131
  91  113  243      0.06171355
  92  123  137      0.00000000
  93  123  159      0.92710211
  94  123  173      0.52040750
  95  123  193      0.31788622
  96  123  207      0.19344857
  97  123  223      0.11905775
  98  123  243      0.14097953
  99  137  159      0.00000000
 100  137  173      0.77292057
 101  137  193      0.38035220
 102  137  207      0.24920809
 103  137  223      0.12701510
 104  137  243      0.13707209
 105  159  173      0.00000000
 106  159  193      0.83248641
 107  159  207      0.70128800
 108  159  223      0.37525176
 109  159  243      0.35989652
 110  173  193      0.00000000
 111  173  207      0.94636492
 112  173  223      0.55182090
 113  173  243      0.36355984
 114  193  207      0.00000000
 115  193  223      0.79166915
 116  193  243      0.45438215
 117  207  223      0.00000000
 118  207  243      0.84416093
 119  223  243      0.00000000
END
   0    8   15      0.00000000
   1    8   30      0.94469526
   2    8   54      0.83864198
   3    8   68      0.36123065
   4    8   89      0.17291243
   5    8  101      0.19297518
   6    8  113      0.07339073
   7    8  123      0.06068410
   8    8  137      0.12457904
   9    8  159      0.08840423
  10    8  173      0.10173178
  11    8  193      0.06565917
  12    8  207      0.03444577
  13    8  223      0.02523105
  14    8  243      0.01584888
  15   15   30      0.00000000
  16   15   54      0.77677688
  17   15   68      0.30992113
  18   15   89      0.13057722
  19   15  101      0.11080116
  20   15  113      0.04686705
  21   15  123      0.04466837
  22   15  137      0.09553844
  23   15  159      0.08382365
  24   15  173      0.12121410
  25   15  193      0.08235138
  26   15  207      0.04400162
  27   15  223      0.02812444
  28   15  243      0.01726992
  29   30   54      0.00000000
  30   30   68      0.76200236
  31   30   89      0.35349569
  32   30  101      0.24438476
  33   30  113      0.09500385
  34   30  123      0.09702038
  35   30  137      0.23460382
  36   30  159      0.22832836
  37   30  173      0.35877924
  38   30  193      0.22839456
  39   30  207      0.10606443
  40   30  223      0.06343090
  41   30  243      0.03478793
  42   54   68      0.00000000
  43   54   89      0.82672560
  44   54  101      0.68660196
  45   54  113      0.27767034
  46   54  123      0.27003924
  47   54  137      0.60579365
  48   54  159      0.53024145
  49   54  173      0.60882627
  50   54  193      0.36249363
  51   54  207      0.15507259
  52   54  223      0.10904716
  53   54  243      0.05626189
  54   68   89      0.00000000
  55   68  101      0.90300486
  56   68  113      0.58961420
  57   68  123      0.68347253
  58   68  137      0.96169353
  59   68  159      0.95416927
  60   68  173      0.93377950
  61   68  193      0.65371957
  62   68  207      0.32928346
  63   68  223      0.27692439
  64   68  243      0.13488621
  65   89  101      0.00000000
  66   89  113      0.92191004
  67   89  123      0.91723407
  68   89  137      0.96139017
  69   89  159      0.96000190
  70   89  173      0.84150977
  71   89  193      0.64847117
  72   89  207      0.31380253
  73   89  223      0.35151548
  74   89  243      0.16273110
  75  101  113      0.00000000
  76  101  123      0.90400810
  77  101  137      0.89917873
  78  101  159      0.66042759
  79  101  173      0.36928576
  80  101  193      0.22409869
  81  101  207      0.10748451
  82  101  223      0.13074170
  83  101  243      0.07364689
  84  113  123      0.00000000
  85  113  137      0.88333255
  86  113  159      0.63089350
  87  113  173      0.26614864
  88  113  193      0.16316415
  89  113  207      0.09643106
  90  113  223      0.15213032
  91  113  243      0.09925556
  92  123  137      0.00000000
  93  123  159      0.93130139
  94  123  173      0.48580374
  95  123  193      0.25444320
  96  123  207      0.18191268
  97  123  223      0.32570979
  98  123  243      0.24005045
  99  137  159      0.00000000
 100  137  173      0.78898989
 101  137  193      0.37053901
 102  137  207      0.25376509
 103  137  223      0.33477887
 104  137  243      0.22838260
 105  159  173      0.00000000
 106  159  193      0.81988418
 107  159  207      0.69711700
 108  159  223      0.80036148
 109  159  243      0.54303987
 110  173  193      0.00000000
 111  173  207      0.95083481
 112  173  223      0.85562345
 113  173  243      0.49257167
 114  193  207      0.00000000
 115  193  223      0.90110863
 116  193  243      0.43582070
 117  207  223      0.00000000
 118  207  243      0.81561505
 119  223  243      0.00000000
END
